0 122
0 1
121 120 
122 1
1 3
1 2
3 4
2 4
2 13
4 5
5 114
5 12
12 13
12 6
6 7
13 11
7 8
8 9
8 21
9 20
9 10
11 10
10 18
11 14
10 14
14 19
19 29
18 20
20 21
21 22
22 23
23 45
34 45
18 28
27 28
28 29
14 15
15 16
29 30
16 17
16 29
17 32
17 30
32 37
30 31
31 33
31 36
35 36
36 37
31 32
36 38
38 39
37 39
39 40
38 41
41 40
22 24
20 24
24 25
25 26
26 34
22 106
106 107
21 123
119 120
118 119
118 117
117 115
114 115
114 116
123 116
108 109
109 45
108 110
110 111
111 45
111 112
112 113
111 46
46 47
47 48
48 44
48 45
46 69
69 72
72 73
69 52
52 53
44 53
53 54
54 65
65 55
65 64
65 70
52 70
53 70
54 70
70 71
71 74
74 75
74 66
66 65
66 63
64 63
33 34
34 35
38 41
41 42
42 43
43 49
49 50
50 51
51 44
43 56
56 57
56 58
40 41
58 104
58 59
59 104
103 104
59 60
60 61
61 62
62 63
62 68
68 67
67 75
75 66
68 76
76 78
78 79
78 77
77 81
77 82
62 77
82 83
83 84
84 85
81 84
59 89
89 88
89 90
85 86
86 87
88 87
87 101
100 101
78 80
80 94
80 91
91 92
92 93
94 93
99 100
97 99
98 97
98 99
95 96
95 97
96 98
67 124
124 125
67 125
125 126
125 127